received=115715.0 KB rate=27.781045555488866 Mbps
sent=115715.0 KB  rate=30.857333333333333 Mbps
