sent=191965.0 KB  rate=51.190666666666665 Mbps
received=191965.0 KB rate=47.70946596663457 Mbps

