received=81121.0 KB rate=18.84124956451051 Mbps
sent=81121.0 KB  rate=21.632266666666666 Mbps

